# Project 6.20 (page303)
Write a graphical application that draws a Ulam spiral.
```
112911281127112611251124112311221121112011191118111711161115111411131112111111101109110811071106110511041103110211011100109910981097109610951094109310921091109010891088108710861085108410831082   0   0
1130   0   0   0   0   0   0   0   0   0   0   0   0   0   0   0   0   0   0   0   0   0   0   0   0   0   0   0   0   0   0   0   0   0   0   0   0   0   0   0   0   0   0   0   0   0   01081   0   0
1131   0 947 946 945 944 943 942 941 940 939 938 937 936 935 934 933 932 931 930 929 928 927 926 925 924 923 922 921 920 919 918 917 916 915 914 913 912 911 910 909 908 907 906 905 904   01080   0   0
1132   0 948   0   0   0   0   0   0   0   0   0   0   0   0   0   0   0   0   0   0   0   0   0   0   0   0   0   0   0   0   0   0   0   0   0   0   0   0   0   0   0   0   0   0 903   01079   0   0
1133   0 949   0 781 780 779 778 777 776 775 774 773 772 771 770 769 768 767 766 765 764 763 762 761 760 759 758 757 756 755 754 753 752 751 750 749 748 747 746 745 744 743 742   0 902   01078   0   0
1134   0 950   0 782   0   0   0   0   0   0   0   0   0   0   0   0   0   0   0   0   0   0   0   0   0   0   0   0   0   0   0   0   0   0   0   0   0   0   0   0   0   0 741   0 901   01077   0   0
1135   0 951   0 783   0 631 630 629 628 627 626 625 624 623 622 621 620 619 618 617 616 615 614 613 612 611 610 609 608 607 606 605 604 603 602 601 600 599 598 597 596   0 740   0 900   01076   0   0
1136   0 952   0 784   0 632   0   0   0   0   0   0   0   0   0   0   0   0   0   0   0   0   0   0   0   0   0   0   0   0   0   0   0   0   0   0   0   0   0   0 595   0 739   0 899   01075   0   0
1137   0 953   0 785   0 633   0 497 496 495 494 493 492 491 490 489 488 487 486 485 484 483 482 481 480 479 478 477 476 475 474 473 472 471 470 469 468 467 466   0 594   0 738   0 898   01074   0   0
1138   0 954   0 786   0 634   0 498   0   0   0   0   0   0   0   0   0   0   0   0   0   0   0   0   0   0   0   0   0   0   0   0   0   0   0   0   0   0 465   0 593   0 737   0 897   01073   0   0
1139   0 955   0 787   0 635   0 499   0 379 378 377 376 375 374 373 372 371 370 369 368 367 366 365 364 363 362 361 360 359 358 357 356 355 354 353 352   0 464   0 592   0 736   0 896   01072   0   0
1140   0 956   0 788   0 636   0 500   0 380   0   0   0   0   0   0   0   0   0   0   0   0   0   0   0   0   0   0   0   0   0   0   0   0   0   0 351   0 463   0 591   0 735   0 895   01071   0   0
1141   0 957   0 789   0 637   0 501   0 381   0 277 276 275 274 273 272 271 270 269 268 267 266 265 264 263 262 261 260 259 258 257 256 255 254   0 350   0 462   0 590   0 734   0 894   01070   0   0
1142   0 958   0 790   0 638   0 502   0 382   0 278   0   0   0   0   0   0   0   0   0   0   0   0   0   0   0   0   0   0   0   0   0   0 253   0 349   0 461   0 589   0 733   0 893   01069   0   0
1143   0 959   0 791   0 639   0 503   0 383   0 279   0 191 190 189 188 187 186 185 184 183 182 181 180 179 178 177 176 175 174 173 172   0 252   0 348   0 460   0 588   0 732   0 892   01068   0   0
1144   0 960   0 792   0 640   0 504   0 384   0 280   0 192   0   0   0   0   0   0   0   0   0   0   0   0   0   0   0   0   0   0 171   0 251   0 347   0 459   0 587   0 731   0 891   01067   0   0
1145   0 961   0 793   0 641   0 505   0 385   0 281   0 193   0 121 120 119 118 117 116 115 114 113 112 111 110 109 108 107 106   0 170   0 250   0 346   0 458   0 586   0 730   0 890   01066   0   0
1146   0 962   0 794   0 642   0 506   0 386   0 282   0 194   0 122   0   0   0   0   0   0   0   0   0   0   0   0   0   0 105   0 169   0 249   0 345   0 457   0 585   0 729   0 889   01065   0   0
1147   0 963   0 795   0 643   0 507   0 387   0 283   0 195   0 123   0  67  66  65  64  63  62  61  60  59  58  57  56   0 104   0 168   0 248   0 344   0 456   0 584   0 728   0 888   01064   0   0
1148   0 964   0 796   0 644   0 508   0 388   0 284   0 196   0 124   0  68   0   0   0   0   0   0   0   0   0   0  55   0 103   0 167   0 247   0 343   0 455   0 583   0 727   0 887   01063   0   0
1149   0 965   0 797   0 645   0 509   0 389   0 285   0 197   0 125   0  69   0  29  28  27  26  25  24  23  22   0  54   0 102   0 166   0 246   0 342   0 454   0 582   0 726   0 886   01062   0   0
1150   0 966   0 798   0 646   0 510   0 390   0 286   0 198   0 126   0  70   0  30   0   0   0   0   0   0  21   0  53   0 101   0 165   0 245   0 341   0 453   0 581   0 725   0 885   01061   0   0
1151   0 967   0 799   0 647   0 511   0 391   0 287   0 199   0 127   0  71   0  31   0   7   6   5   4   0  20   0  52   0 100   0 164   0 244   0 340   0 452   0 580   0 724   0 884   01060   0   0
1152   0 968   0 800   0 648   0 512   0 392   0 288   0 200   0 128   0  72   0  32   0   8   0   0   3   0  19   0  51   0  99   0 163   0 243   0 339   0 451   0 579   0 723   0 883   01059   0   0
1153   0 969   0 801   0 649   0 513   0 393   0 289   0 201   0 129   0  73   0  33   0   9   0   1   2   0  18   0  50   0  98   0 162   0 242   0 338   0 450   0 578   0 722   0 882   01058   0   0
1154   0 970   0 802   0 650   0 514   0 394   0 290   0 202   0 130   0  74   0  34   0  10   0   0   0   0  17   0  49   0  97   0 161   0 241   0 337   0 449   0 577   0 721   0 881   01057   0   0
1155   0 971   0 803   0 651   0 515   0 395   0 291   0 203   0 131   0  75   0  35   0  11  12  13  14  15  16   0  48   0  96   0 160   0 240   0 336   0 448   0 576   0 720   0 880   01056   0   0
1156   0 972   0 804   0 652   0 516   0 396   0 292   0 204   0 132   0  76   0  36   0   0   0   0   0   0   0   0  47   0  95   0 159   0 239   0 335   0 447   0 575   0 719   0 879   01055   0   0
1157   0 973   0 805   0 653   0 517   0 397   0 293   0 205   0 133   0  77   0  37  38  39  40  41  42  43  44  45  46   0  94   0 158   0 238   0 334   0 446   0 574   0 718   0 878   01054   0   0
1158   0 974   0 806   0 654   0 518   0 398   0 294   0 206   0 134   0  78   0   0   0   0   0   0   0   0   0   0   0   0  93   0 157   0 237   0 333   0 445   0 573   0 717   0 877   01053   0   0
1159   0 975   0 807   0 655   0 519   0 399   0 295   0 207   0 135   0  79  80  81  82  83  84  85  86  87  88  89  90  91  92   0 156   0 236   0 332   0 444   0 572   0 716   0 876   01052   0   0
1160   0 976   0 808   0 656   0 520   0 400   0 296   0 208   0 136   0   0   0   0   0   0   0   0   0   0   0   0   0   0   0   0 155   0 235   0 331   0 443   0 571   0 715   0 875   01051   0   0
1161   0 977   0 809   0 657   0 521   0 401   0 297   0 209   0 137 138 139 140 141 142 143 144 145 146 147 148 149 150 151 152 153 154   0 234   0 330   0 442   0 570   0 714   0 874   01050   0   0
1162   0 978   0 810   0 658   0 522   0 402   0 298   0 210   0   0   0   0   0   0   0   0   0   0   0   0   0   0   0   0   0   0   0   0 233   0 329   0 441   0 569   0 713   0 873   01049   0   0
1163   0 979   0 811   0 659   0 523   0 403   0 299   0 211 212 213 214 215 216 217 218 219 220 221 222 223 224 225 226 227 228 229 230 231 232   0 328   0 440   0 568   0 712   0 872   01048   0   0
1164   0 980   0 812   0 660   0 524   0 404   0 300   0   0   0   0   0   0   0   0   0   0   0   0   0   0   0   0   0   0   0   0   0   0   0   0 327   0 439   0 567   0 711   0 871   01047   0   0
1165   0 981   0 813   0 661   0 525   0 405   0 301 302 303 304 305 306 307 308 309 310 311 312 313 314 315 316 317 318 319 320 321 322 323 324 325 326   0 438   0 566   0 710   0 870   01046   0   0
1166   0 982   0 814   0 662   0 526   0 406   0   0   0   0   0   0   0   0   0   0   0   0   0   0   0   0   0   0   0   0   0   0   0   0   0   0   0   0 437   0 565   0 709   0 869   01045   0   0
1167   0 983   0 815   0 663   0 527   0 407 408 409 410 411 412 413 414 415 416 417 418 419 420 421 422 423 424 425 426 427 428 429 430 431 432 433 434 435 436   0 564   0 708   0 868   01044   0   0
1168   0 984   0 816   0 664   0 528   0   0   0   0   0   0   0   0   0   0   0   0   0   0   0   0   0   0   0   0   0   0   0   0   0   0   0   0   0   0   0   0 563   0 707   0 867   01043   0   0
1169   0 985   0 817   0 665   0 529 530 531 532 533 534 535 536 537 538 539 540 541 542 543 544 545 546 547 548 549 550 551 552 553 554 555 556 557 558 559 560 561 562   0 706   0 866   01042   0   0
1170   0 986   0 818   0 666   0   0   0   0   0   0   0   0   0   0   0   0   0   0   0   0   0   0   0   0   0   0   0   0   0   0   0   0   0   0   0   0   0   0   0   0 705   0 865   01041   0   0
1171   0 987   0 819   0 667 668 669 670 671 672 673 674 675 676 677 678 679 680 681 682 683 684 685 686 687 688 689 690 691 692 693 694 695 696 697 698 699 700 701 702 703 704   0 864   01040   0   0
1172   0 988   0 820   0   0   0   0   0   0   0   0   0   0   0   0   0   0   0   0   0   0   0   0   0   0   0   0   0   0   0   0   0   0   0   0   0   0   0   0   0   0   0   0 863   01039   0   0
1173   0 989   0 821 822 823 824 825 826 827 828 829 830 831 832 833 834 835 836 837 838 839 840 841 842 843 844 845 846 847 848 849 850 851 852 853 854 855 856 857 858 859 860 861 862   01038   0   0
1174   0 990   0   0   0   0   0   0   0   0   0   0   0   0   0   0   0   0   0   0   0   0   0   0   0   0   0   0   0   0   0   0   0   0   0   0   0   0   0   0   0   0   0   0   0   01037   0   0
1175   0 991 992 993 994 995 996 997 998 9991000100110021003100410051006100710081009101010111012101310141015101610171018101910201021102210231024102510261027102810291030103110321033103410351036   0   0
1176   0   0   0   0   0   0   0   0   0   0   0   0   0   0   0   0   0   0   0   0   0   0   0   0   0   0   0   0   0   0   0   0   0   0   0   0   0   0   0   0   0   0   0   0   0   0   0   0   0
11771178117911801181118211831184118511861187118811891190119111921193119411951196119711981199120012011202120312041205120612071208120912101211121212131214121512161217121812191220122112221223122412251226
   0   0   0   0   0   0   0   0   0   0   0   0   0   0   0   0   0   0   0   0   0   0   0   0   0   0   0   0   0   0   0   0   0   0   0   0   0   0   0   0   0   0   0   0   0   0   0   0   0   0
```